C:\Users\AC1186\meta_earlywarning_mlb\meta_earlywarning_mlb\tune_thresholds_v2.py:48: UserWarning: pandas only supports SQLAlchemy connectable (engine/connection) or database string URI or sqlite3 DBAPI2 connection. Other DBAPI2 objects are not tested. Please consider using SQLAlchemy.
  return pd.read_sql(sql, conn)
[분석 시각] 2026-05-18 09:19 KST
[Snowflake] FNF.ORG_PF.META_AD_SNAPSHOT
  raw rows=10980, ads=113, snaps=146, span=6.7일
  range: 2026-05-11 06:09:43 ~ 2026-05-18 00:00:55
  rolling 6h samples=6819, 12h samples=6740

──────────────────────────────────────────────────────────────────────
  Performance — ADULT (perf6 n=1986, perf6+prev n=1119)
──────────────────────────────────────────────────────────────────────
[6h 절대값 분포]
  SPEND_6H (원): n=1986, mean=52591.43, max=1215623.00
    p50=12779.50, p75=53291.50, p90=143353.00, p95=229370.75, p99=630316.50
  PURCH_6H (건): n=1986, mean=1.51, max=21.00
    p50=0.00, p75=2.00, p90=5.00, p95=7.00, p99=15.15
  ROAS_6H (배): n=1751, mean=8.16, max=1252.71
    p50=0.94, p75=4.12, p90=8.96, p95=21.50, p99=107.63
  CTR_6H: n=1751, mean=0.03, max=0.25
    p50=0.03, p75=0.05, p90=0.06, p95=0.07, p99=0.14

[추세 비교 분포 (직전 6h 대비)]
  SPEND_PREV_6H (원): n=1119, mean=46357.48, max=701962.00
    p50=11189.00, p75=53637.50, p90=143399.40, p95=197665.00, p99=477801.72
  ROAS_6H / ROAS_PREV_6H (배): n=661, mean=7.12, max=197.20
    p50=0.62, p75=2.76, p90=13.20, p95=50.24, p99=124.78

[현행 임계치] roas>=4.0, spend>=10,000, purch>=3
  hit=168 (8.46%), ads=14, hours=57

[후보 임계치 그리드]
    roas    spend  purch   hits   ads  hours
     3.0    5,000      2    284    17     64
     3.0    5,000      3    213    15     60
     3.0    5,000      4    158    11     59
     3.0    5,000      5    119     7     56
     3.0   10,000      2    270    17     64
     3.0   10,000      3    206    14     60
     3.0   10,000      4    157    11     59
     3.0   10,000      5    119     7     56
     3.0   20,000      2    238    14     61
     3.0   20,000      3    199    12     60
     3.0   20,000      4    156    10     59
     3.0   20,000      5    119     7     56
     3.0   30,000      2    224    13     61
     3.0   30,000      3    195    12     60
     3.0   30,000      4    156    10     59
     3.0   30,000      5    119     7     56
     4.0    5,000      2    235    17     61
     4.0    5,000      3    175    15     57
     4.0    5,000      4    125    11     54
     4.0    5,000      5     98     7     53
     4.0   10,000      2    221    17     61
     4.0   10,000      3    168    14     57
     4.0   10,000      4    124    11     54
     4.0   10,000      5     98     7     53
     4.0   20,000      2    189    13     58
     4.0   20,000      3    161    12     57
     4.0   20,000      4    123    10     54
     4.0   20,000      5     98     7     53
     4.0   30,000      2    178    13     57
     4.0   30,000      3    157    12     57
     4.0   30,000      4    123    10     54
     4.0   30,000      5     98     7     53
     5.0    5,000      2    168    17     56
     5.0    5,000      3    125    15     51
     5.0    5,000      4     86    10     47
     5.0    5,000      5     68     5     43
     5.0   10,000      2    154    17     56
     5.0   10,000      3    118    14     51
     5.0   10,000      4     85    10     47
     5.0   10,000      5     68     5     43
     5.0   20,000      2    122    12     51
     5.0   20,000      3    111    12     51
     5.0   20,000      4     84     9     47
     5.0   20,000      5     68     5     43
     5.0   30,000      2    116    12     51
     5.0   30,000      3    107    12     51
     5.0   30,000      4     84     9     47
     5.0   30,000      5     68     5     43
     6.0    5,000      2    123    17     50
     6.0    5,000      3     85    15     42
     6.0    5,000      4     59     8     37
     6.0    5,000      5     50     5     36
     6.0   10,000      2    109    17     50
     6.0   10,000      3     78    14     42
     6.0   10,000      4     58     8     37
     6.0   10,000      5     50     5     36
     6.0   20,000      2     82    12     42
     6.0   20,000      3     75    12     42
     6.0   20,000      4     57     7     37
     6.0   20,000      5     50     5     36
     6.0   30,000      2     77    11     42
     6.0   30,000      3     72    11     42
     6.0   30,000      4     57     7     37
     6.0   30,000      5     50     5     36
     8.0    5,000      2     73    14     38
     8.0    5,000      3     43    13     28
     8.0    5,000      4     28     7     20
     8.0    5,000      5     22     3     18
     8.0   10,000      2     59    13     37
     8.0   10,000      3     36    11     26
     8.0   10,000      4     27     6     20
     8.0   10,000      5     22     3     18
     8.0   20,000      2     36     9     25
     8.0   20,000      3     33     9     24
     8.0   20,000      4     26     5     19
     8.0   20,000      5     22     3     18
     8.0   30,000      2     34     8     24
     8.0   30,000      3     32     8     24
     8.0   30,000      4     26     5     19
     8.0   30,000      5     22     3     18

──────────────────────────────────────────────────────────────────────
  BR 브랜딩 — ADULT (br6 n=1556, br6+12h n=847)
──────────────────────────────────────────────────────────────────────
[6h 분포]
  IMP_6H: n=1556, mean=23938.18, max=470820.00
    p50=838.00, p75=12211.50, p90=80581.50, p95=132307.75, p99=309494.65
  CLK_6H: n=1556, mean=99.96, max=1576.00
    p50=14.00, p75=77.00, p90=285.50, p95=524.50, p99=1281.55
  CTR_6H: n=1076, mean=0.03, max=0.80
    p50=0.01, p75=0.04, p90=0.06, p95=0.07, p99=0.09

[CTR 추세 분포]
  CTR_6H / CTR_12H (배): n=529, mean=0.93, max=4.22
    p50=0.98, p75=1.04, p90=1.18, p95=1.29, p99=2.33

[현행 임계치] imp>=2,000 AND clk>=30 AND ctr_ratio>=1.05 (SURGE) / <=0.85 (DROP)
  진입 통과(br6 기준): 467 / 1556 (30.01%)
  SURGE hit: 34, ads=8, hours=14
  DROP  hit: 14, ads=2, hours=8

[후보 임계치 그리드 — SURGE]
   imp_min  clk_min  ratio   hits   ads  hours
       500       10   1.05     81    17     29
       500       10   1.10     46    11     23
       500       10   1.20     16     6     10
       500       20   1.05     69    16     27
       500       20   1.10     35    10     21
       500       20   1.20      9     5      7
       500       30   1.05     66    16     26
       500       30   1.10     33    10     20
       500       30   1.20      9     5      7
       500       50   1.05     43    12     21
       500       50   1.10     18     7     13
       500       50   1.20      7     3      6
     1,000       10   1.05     64    14     28
     1,000       10   1.10     35    10     22
     1,000       10   1.20     11     4      9
     1,000       20   1.05     52    13     22
     1,000       20   1.10     24     9     16
     1,000       20   1.20      4     3      4
     1,000       30   1.05     50    13     21
     1,000       30   1.10     22     9     15
     1,000       30   1.20      4     3      4
     1,000       50   1.05     38    12     17
     1,000       50   1.10     13     7      9
     1,000       50   1.20      3     2      3
     1,500       10   1.05     53    11     23
     1,500       10   1.10     24     6     15
     1,500       10   1.20      8     2      6
     1,500       20   1.05     41    10     17
     1,500       20   1.10     13     5      9
     1,500       20   1.20      1     1      1
     1,500       30   1.05     39    10     16
     1,500       30   1.10     11     5      8
     1,500       30   1.20      1     1      1
     1,500       50   1.05     32    10     14
     1,500       50   1.10      7     4      5
     2,000       10   1.05     48     9     21
     2,000       10   1.10     22     5     14
     2,000       10   1.20      8     2      6
     2,000       20   1.05     36     8     15
     2,000       20   1.10     11     4      8
     2,000       20   1.20      1     1      1
     2,000       30   1.05     34     8     14
     2,000       30   1.10      9     4      7
     2,000       30   1.20      1     1      1
     2,000       50   1.05     27     8     12
     2,000       50   1.10      5     3      4
     3,000       10   1.05     46     8     19
     3,000       10   1.10     22     5     14
     3,000       10   1.20      8     2      6
     3,000       20   1.05     34     7     13
     3,000       20   1.10     11     4      8
     3,000       20   1.20      1     1      1
     3,000       30   1.05     32     7     12
     3,000       30   1.10      9     4      7
     3,000       30   1.20      1     1      1
     3,000       50   1.05     25     7     10
     3,000       50   1.10      5     3      4

[후보 임계치 그리드 — DROP]
   imp_min  clk_min  ratio   hits   ads  hours
       500       10   0.95    132    18     30
       500       10   0.90     73    17     21
       500       10   0.85     44    11     19
       500       10   0.80     27    10     17
       500       10   0.70      9     4      7
       500       20   0.95    120    16     30
       500       20   0.90     65    15     20
       500       20   0.85     38     9     18
       500       20   0.80     23     8     16
       500       20   0.70      7     3      6
       500       30   0.95     96    14     28
       500       30   0.90     44    11     17
       500       30   0.85     23     6     14
       500       30   0.80     12     5      9
       500       30   0.70      3     2      3
       500       50   0.95     62    13     19
       500       50   0.90     27    10     12
       500       50   0.85     11     4      5
       500       50   0.80      6     4      4
       500       50   0.70      1     1      1
     1,000       10   0.95    109    14     26
     1,000       10   0.90     53    12     17
     1,000       10   0.85     31     6     14
     1,000       10   0.80     17     6     11
     1,000       10   0.70      6     2      5
     1,000       20   0.95    100    13     26
     1,000       20   0.90     47    11     16
     1,000       20   0.85     27     5     13
     1,000       20   0.80     15     5     10
     1,000       20   0.70      6     2      5
     1,000       30   0.95     91    13     26
     1,000       30   0.90     39    10     15
     1,000       30   0.85     21     5     12
     1,000       30   0.80     12     5      9
     1,000       30   0.70      3     2      3
     1,000       50   0.95     62    13     19
     1,000       50   0.90     27    10     12
     1,000       50   0.85     11     4      5
     1,000       50   0.80      6     4      4
     1,000       50   0.70      1     1      1
     1,500       10   0.95     94    14     23
     1,500       10   0.90     49    12     16
     1,500       10   0.85     27     5     12
     1,500       10   0.80     13     5      8
     1,500       10   0.70      6     2      5
     1,500       20   0.95     85    13     21
     1,500       20   0.90     43    11     15
     1,500       20   0.85     23     4     11
     1,500       20   0.80     11     4      7
     1,500       20   0.70      6     2      5
     1,500       30   0.95     76    13     21
     1,500       30   0.90     35    10     14
     1,500       30   0.85     17     4     10
     1,500       30   0.80      8     4      6
     1,500       30   0.70      3     2      3
     1,500       50   0.95     62    13     19
     1,500       50   0.90     27    10     12
     1,500       50   0.85     11     4      5
     1,500       50   0.80      6     4      4
     1,500       50   0.70      1     1      1
     2,000       10   0.95     86    10     21
     2,000       10   0.90     45     9     14
     2,000       10   0.85     24     3     10
     2,000       10   0.80     10     3      6
     2,000       10   0.70      5     1      4
     2,000       20   0.95     77     9     19
     2,000       20   0.90     39     8     13
     2,000       20   0.85     20     2      9
     2,000       20   0.80      8     2      5
     2,000       20   0.70      5     1      4
     2,000       30   0.95     68     9     19
     2,000       30   0.90     31     7     12
     2,000       30   0.85     14     2      8
     2,000       30   0.80      5     2      4
     2,000       30   0.70      2     1      2
     2,000       50   0.95     54     9     17
     2,000       50   0.90     23     7     10
     2,000       50   0.85      8     2      3
     2,000       50   0.80      3     2      2
     3,000       10   0.95     81     9     19
     3,000       10   0.90     43     8     13
     3,000       10   0.85     24     3     10
     3,000       10   0.80     10     3      6
     3,000       10   0.70      5     1      4
     3,000       20   0.95     72     8     17
     3,000       20   0.90     37     7     12
     3,000       20   0.85     20     2      9
     3,000       20   0.80      8     2      5
     3,000       20   0.70      5     1      4
     3,000       30   0.95     63     8     17
     3,000       30   0.90     29     6     11
     3,000       30   0.85     14     2      8
     3,000       30   0.80      5     2      4
     3,000       30   0.70      2     1      2
     3,000       50   0.95     49     8     15
     3,000       50   0.90     21     6      9
     3,000       50   0.85      8     2      3
     3,000       50   0.80      3     2      2

──────────────────────────────────────────────────────────────────────
  Performance — KIDS (perf6 n=2917, perf6+prev n=1607)
──────────────────────────────────────────────────────────────────────
[6h 절대값 분포]
  SPEND_6H (원): n=2917, mean=13855.62, max=193186.00
    p50=4694.00, p75=15032.00, p90=32263.20, p95=65569.20, p99=133438.28
  PURCH_6H (건): n=2917, mean=0.64, max=9.00
    p50=0.00, p75=1.00, p90=2.00, p95=3.00, p99=6.00
  ROAS_6H (배): n=2638, mean=23.88, max=10633.00
    p50=0.00, p75=5.55, p90=18.52, p95=32.75, p99=133.29
  CTR_6H: n=2638, mean=0.05, max=0.40
    p50=0.04, p75=0.06, p90=0.10, p95=0.13, p99=0.21

[추세 비교 분포 (직전 6h 대비)]
  SPEND_PREV_6H (원): n=1607, mean=14531.83, max=193186.00
    p50=4599.00, p75=15782.00, p90=36197.40, p95=67488.00, p99=135488.00
  ROAS_6H / ROAS_PREV_6H (배): n=712, mean=40.33, max=6402.87
    p50=0.31, p75=1.97, p90=10.96, p95=63.76, p99=632.70

[현행 임계치] roas>=5.0, spend>=5,000, purch>=2
  hit=255 (8.74%), ads=17, hours=61

[후보 임계치 그리드]
    roas    spend  purch   hits   ads  hours
     3.0    5,000      2    328    17     61
     3.0    5,000      3    206    14     58
     3.0    5,000      4    118    11     50
     3.0    5,000      5     68     9     38
     3.0   10,000      2    293    16     60
     3.0   10,000      3    192    13     57
     3.0   10,000      4    108    10     50
     3.0   10,000      5     67     8     38
     3.0   20,000      2    235    13     59
     3.0   20,000      3    157    11     56
     3.0   20,000      4     98     8     49
     3.0   20,000      5     62     6     34
     3.0   30,000      2    160    11     58
     3.0   30,000      3    122     9     55
     3.0   30,000      4     88     6     49
     3.0   30,000      5     61     5     33
     4.0    5,000      2    288    17     61
     4.0    5,000      3    176    14     58
     4.0    5,000      4     98    11     48
     4.0    5,000      5     52     9     34
     4.0   10,000      2    253    16     59
     4.0   10,000      3    162    13     56
     4.0   10,000      4     88    10     47
     4.0   10,000      5     51     8     34
     4.0   20,000      2    196    13     58
     4.0   20,000      3    127    11     55
     4.0   20,000      4     78     8     46
     4.0   20,000      5     46     6     30
     4.0   30,000      2    121    11     56
     4.0   30,000      3     92     9     54
     4.0   30,000      4     68     6     46
     4.0   30,000      5     45     5     29
     5.0    5,000      2    255    17     61
     5.0    5,000      3    152    14     56
     5.0    5,000      4     75    10     39
     5.0    5,000      5     40     9     28
     5.0   10,000      2    220    16     59
     5.0   10,000      3    138    13     52
     5.0   10,000      4     65     9     36
     5.0   10,000      5     39     8     28
     5.0   20,000      2    164    13     58
     5.0   20,000      3    103    11     51
     5.0   20,000      4     55     7     35
     5.0   20,000      5     34     6     24
     5.0   30,000      2     90    10     49
     5.0   30,000      3     68     9     41
     5.0   30,000      4     45     5     32
     5.0   30,000      5     33     5     23
     6.0    5,000      2    219    17     59
     6.0    5,000      3    131    13     51
     6.0    5,000      4     58    10     29
     6.0    5,000      5     29     8     20
     6.0   10,000      2    184    16     56
     6.0   10,000      3    117    12     45
     6.0   10,000      4     48     9     25
     6.0   10,000      5     28     7     20
     6.0   20,000      2    128    12     51
     6.0   20,000      3     82    10     41
     6.0   20,000      4     38     7     24
     6.0   20,000      5     23     5     16
     6.0   30,000      2     61     8     36
     6.0   30,000      3     47     8     26
     6.0   30,000      4     28     5     18
     6.0   30,000      5     22     4     15
     8.0    5,000      2    171    17     55
     8.0    5,000      3    108    12     48
     8.0    5,000      4     43     9     23
     8.0    5,000      5     18     8     14
     8.0   10,000      2    136    16     49
     8.0   10,000      3     94    11     42
     8.0   10,000      4     33     8     19
     8.0   10,000      5     17     7     14
     8.0   20,000      2     84    12     41
     8.0   20,000      3     59     9     35
     8.0   20,000      4     23     6     16
     8.0   20,000      5     12     5      9
     8.0   30,000      2     29     7     21
     8.0   30,000      3     24     7     16
     8.0   30,000      4     13     4      8
     8.0   30,000      5     11     4      8

──────────────────────────────────────────────────────────────────────
  BR 브랜딩 — KIDS (br6 n=360, br6+12h n=183)
──────────────────────────────────────────────────────────────────────
[6h 분포]
  IMP_6H: n=360, mean=1591.86, max=8835.00
    p50=637.50, p75=2379.00, p90=5072.70, p95=5849.10, p99=7490.64
  CLK_6H: n=360, mean=57.59, max=375.00
    p50=19.00, p75=91.50, p90=181.10, p95=202.05, p99=328.74
  CTR_6H: n=298, mean=0.03, max=0.09
    p50=0.03, p75=0.04, p90=0.05, p95=0.05, p99=0.07

[CTR 추세 분포]
  CTR_6H / CTR_12H (배): n=133, mean=0.89, max=1.40
    p50=1.00, p75=1.03, p90=1.10, p95=1.14, p99=1.20

[현행 임계치] imp>=1,000 AND clk>=20 AND ctr_ratio>=1.05 (SURGE) / <=0.85 (DROP)
  진입 통과(br6 기준): 142 / 360 (39.44%)
  SURGE hit: 17, ads=3, hours=12
  DROP  hit: 2, ads=1, hours=2

[후보 임계치 그리드 — SURGE]
   imp_min  clk_min  ratio   hits   ads  hours
       500       10   1.05     21     4     14
       500       10   1.10     10     3      7
       500       10   1.20      1     1      1
       500       20   1.05     21     4     14
       500       20   1.10     10     3      7
       500       20   1.20      1     1      1
       500       30   1.05     18     3     12
       500       30   1.10      7     2      5
       500       50   1.05     15     2     12
       500       50   1.10      6     1      4
     1,000       10   1.05     17     3     12
     1,000       10   1.10      6     1      4
     1,000       20   1.05     17     3     12
     1,000       20   1.10      6     1      4
     1,000       30   1.05     17     3     12
     1,000       30   1.10      6     1      4
     1,000       50   1.05     15     2     12
     1,000       50   1.10      6     1      4
     1,500       10   1.05     14     2     11
     1,500       10   1.10      6     1      4
     1,500       20   1.05     14     2     11
     1,500       20   1.10      6     1      4
     1,500       30   1.05     14     2     11
     1,500       30   1.10      6     1      4
     1,500       50   1.05     14     2     11
     1,500       50   1.10      6     1      4
     2,000       10   1.05     11     2      9
     2,000       10   1.10      4     1      3
     2,000       20   1.05     11     2      9
     2,000       20   1.10      4     1      3
     2,000       30   1.05     11     2      9
     2,000       30   1.10      4     1      3
     2,000       50   1.05     11     2      9
     2,000       50   1.10      4     1      3
     3,000       10   1.05     10     2      8
     3,000       10   1.10      4     1      3
     3,000       20   1.05     10     2      8
     3,000       20   1.10      4     1      3
     3,000       30   1.05     10     2      8
     3,000       30   1.10      4     1      3
     3,000       50   1.05     10     2      8
     3,000       50   1.10      4     1      3

[후보 임계치 그리드 — DROP]
   imp_min  clk_min  ratio   hits   ads  hours
       500       10   0.95     25     4     16
       500       10   0.90     13     3      9
       500       10   0.85      6     2      6
       500       10   0.80      2     2      2
       500       20   0.95     23     4     15
       500       20   0.90     11     3      7
       500       20   0.85      4     1      4
       500       20   0.80      1     1      1
       500       30   0.95     16     3     11
       500       30   0.90      9     3      7
       500       30   0.85      2     1      2
       500       50   0.95      9     2      7
       500       50   0.90      5     2      4
       500       50   0.85      2     1      2
     1,000       10   0.95     16     3     12
     1,000       10   0.90      9     3      7
     1,000       10   0.85      2     1      2
     1,000       20   0.95     16     3     12
     1,000       20   0.90      9     3      7
     1,000       20   0.85      2     1      2
     1,000       30   0.95     15     3     11
     1,000       30   0.90      9     3      7
     1,000       30   0.85      2     1      2
     1,000       50   0.95      9     2      7
     1,000       50   0.90      5     2      4
     1,000       50   0.85      2     1      2
     1,500       10   0.95     12     3      9
     1,500       10   0.90      8     3      6
     1,500       10   0.85      2     1      2
     1,500       20   0.95     12     3      9
     1,500       20   0.90      8     3      6
     1,500       20   0.85      2     1      2
     1,500       30   0.95     12     3      9
     1,500       30   0.90      8     3      6
     1,500       30   0.85      2     1      2
     1,500       50   0.95      9     2      7
     1,500       50   0.90      5     2      4
     1,500       50   0.85      2     1      2
     2,000       10   0.95     12     3      9
     2,000       10   0.90      8     3      6
     2,000       10   0.85      2     1      2
     2,000       20   0.95     12     3      9
     2,000       20   0.90      8     3      6
     2,000       20   0.85      2     1      2
     2,000       30   0.95     12     3      9
     2,000       30   0.90      8     3      6
     2,000       30   0.85      2     1      2
     2,000       50   0.95      9     2      7
     2,000       50   0.90      5     2      4
     2,000       50   0.85      2     1      2
     3,000       10   0.95      4     1      3
     3,000       20   0.95      4     1      3
     3,000       30   0.95      4     1      3
     3,000       50   0.95      4     1      3
