[분석 시각] 2026-05-14 10:11 KST
[Snowflake] FNF.ORG_PF.META_AD_SNAPSHOT
  raw rows=3398, ads=91, snaps=46, span=2.8일
  range: 2026-05-11 06:09:43 ~ 2026-05-14 01:00:50
  rolling 6h samples=1662, 12h samples=1784

──────────────────────────────────────────────────────────────────────
  Performance — ADULT (perf6 n=570, perf6+prev n=286)
──────────────────────────────────────────────────────────────────────
[6h 절대값 분포]
  SPEND_6H (원): n=570, mean=17660.55, max=154852.00
    p50=8509.00, p75=19611.75, p90=51849.70, p95=68932.50, p99=122228.67
  PURCH_6H (건): n=570, mean=1.00, max=8.00
    p50=0.00, p75=1.00, p90=3.00, p95=5.00, p99=8.00
  ROAS_6H (배): n=478, mean=4.20, max=59.00
    p50=1.35, p75=5.16, p90=10.62, p95=22.26, p99=32.23
  CTR_6H: n=478, mean=0.04, max=0.25
    p50=0.03, p75=0.05, p90=0.07, p95=0.10, p99=0.14

[추세 비교 분포 (직전 6h 대비)]
  SPEND_PREV_6H (원): n=286, mean=14949.73, max=154852.00
    p50=8012.00, p75=15283.00, p90=46904.50, p95=54201.00, p99=90412.25
  ROAS_6H / ROAS_PREV_6H (배): n=157, mean=3.77, max=116.14
    p50=0.53, p75=1.33, p90=4.59, p95=12.23, p99=104.67

[현행 임계치] roas>=4.0, spend>=10,000, purch>=3
  hit=51 (8.95%), ads=7, hours=17

[후보 임계치 그리드]
    roas    spend  purch   hits   ads  hours
     3.0    5,000      2    108    11     17
     3.0    5,000      3     69     8     17
     3.0    5,000      4     44     6     17
     3.0    5,000      5     32     3     17
     3.0   10,000      2     97    10     17
     3.0   10,000      3     65     7     17
     3.0   10,000      4     44     6     17
     3.0   10,000      5     32     3     17
     3.0   20,000      2     77     6     17
     3.0   20,000      3     60     6     17
     3.0   20,000      4     43     5     17
     3.0   20,000      5     32     3     17
     3.0   30,000      2     67     5     17
     3.0   30,000      3     56     5     17
     3.0   30,000      4     43     5     17
     3.0   30,000      5     32     3     17
     4.0    5,000      2     89    11     17
     4.0    5,000      3     55     8     17
     4.0    5,000      4     33     6     17
     4.0    5,000      5     26     3     17
     4.0   10,000      2     78    10     17
     4.0   10,000      3     51     7     17
     4.0   10,000      4     33     6     17
     4.0   10,000      5     26     3     17
     4.0   20,000      2     58     6     17
     4.0   20,000      3     46     6     17
     4.0   20,000      4     32     5     17
     4.0   20,000      5     26     3     17
     4.0   30,000      2     49     5     17
     4.0   30,000      3     42     5     17
     4.0   30,000      4     32     5     17
     4.0   30,000      5     26     3     17
     5.0    5,000      2     67    11     17
     5.0    5,000      3     40     8     15
     5.0    5,000      4     23     5     15
     5.0    5,000      5     18     3     13
     5.0   10,000      2     56    10     17
     5.0   10,000      3     36     7     15
     5.0   10,000      4     23     5     15
     5.0   10,000      5     18     3     13
     5.0   20,000      2     36     6     15
     5.0   20,000      3     31     6     15
     5.0   20,000      4     22     4     15
     5.0   20,000      5     18     3     13
     5.0   30,000      2     31     5     15
     5.0   30,000      3     27     5     15
     5.0   30,000      4     22     4     15
     5.0   30,000      5     18     3     13
     6.0    5,000      2     53    11     15
     6.0    5,000      3     26     8     11
     6.0    5,000      4     18     4     11
     6.0    5,000      5     15     3     11
     6.0   10,000      2     42    10     15
     6.0   10,000      3     22     7     11
     6.0   10,000      4     18     4     11
     6.0   10,000      5     15     3     11
     6.0   20,000      2     26     6     11
     6.0   20,000      3     21     6     11
     6.0   20,000      4     17     3     11
     6.0   20,000      5     15     3     11
     6.0   30,000      2     22     4     11
     6.0   30,000      3     18     4     11
     6.0   30,000      4     17     3     11
     6.0   30,000      5     15     3     11
     8.0    5,000      2     40     9     14
     8.0    5,000      3     19     6     10
     8.0    5,000      4     13     3      9
     8.0    5,000      5     10     1      8
     8.0   10,000      2     29     8     14
     8.0   10,000      3     15     5      9
     8.0   10,000      4     13     3      9
     8.0   10,000      5     10     1      8
     8.0   20,000      2     16     4      9
     8.0   20,000      3     14     4      9
     8.0   20,000      4     12     2      8
     8.0   20,000      5     10     1      8
     8.0   30,000      2     15     3      9
     8.0   30,000      3     13     3      9
     8.0   30,000      4     12     2      8
     8.0   30,000      5     10     1      8

──────────────────────────────────────────────────────────────────────
  BR 브랜딩 — ADULT (br6 n=230, br6+12h n=120)
──────────────────────────────────────────────────────────────────────
[6h 분포]
  IMP_6H: n=230, mean=1005.17, max=6943.00
    p50=761.00, p75=1376.00, p90=2047.50, p95=2684.75, p99=4697.41
  CLK_6H: n=230, mean=39.65, max=273.00
    p50=29.00, p75=54.00, p90=87.40, p95=114.65, p99=187.76
  CTR_6H: n=220, mean=0.04, max=0.15
    p50=0.04, p75=0.04, p90=0.05, p95=0.06, p99=0.07

[CTR 추세 분포]
  CTR_6H / CTR_12H (배): n=101, mean=1.00, max=1.38
    p50=1.01, p75=1.08, p90=1.18, p95=1.23, p99=1.34

[현행 임계치] imp>=2,000 AND clk>=30 AND ctr_ratio>=1.05 (SURGE) / <=0.85 (DROP)
  진입 통과(br6 기준): 26 / 230 (11.30%)
  SURGE hit: 2, ads=1, hours=2
  DROP  hit: 0, ads=0, hours=0

[후보 임계치 그리드 — SURGE]
   imp_min  clk_min  ratio   hits   ads  hours
       500       10   1.05     23     7      8
       500       10   1.10     14     4      6
       500       10   1.20      5     3      4
       500       20   1.05     23     7      8
       500       20   1.10     14     4      6
       500       20   1.20      5     3      4
       500       30   1.05     22     7      8
       500       30   1.10     14     4      6
       500       30   1.20      5     3      4
       500       50   1.05     12     5      8
       500       50   1.10      7     3      5
       500       50   1.20      4     2      4
     1,000       10   1.05     14     5      7
     1,000       10   1.10      9     3      5
     1,000       10   1.20      3     2      3
     1,000       20   1.05     14     5      7
     1,000       20   1.10      9     3      5
     1,000       20   1.20      3     2      3
     1,000       30   1.05     14     5      7
     1,000       30   1.10      9     3      5
     1,000       30   1.20      3     2      3
     1,000       50   1.05     11     5      7
     1,000       50   1.10      6     3      4
     1,000       50   1.20      3     2      3
     1,500       10   1.05      7     3      4
     1,500       10   1.10      2     1      1
     1,500       20   1.05      7     3      4
     1,500       20   1.10      2     1      1
     1,500       30   1.05      7     3      4
     1,500       30   1.10      2     1      1
     1,500       50   1.05      7     3      4
     1,500       50   1.10      2     1      1
     2,000       10   1.05      2     1      2
     2,000       20   1.05      2     1      2
     2,000       30   1.05      2     1      2
     2,000       50   1.05      2     1      2

[후보 임계치 그리드 — DROP]
   imp_min  clk_min  ratio   hits   ads  hours
       500       10   0.95     20     7      8
       500       10   0.90     14     6      5
       500       10   0.85      9     4      5
       500       10   0.80      8     4      4
       500       10   0.70      3     2      2
       500       20   0.95     17     5      8
       500       20   0.90     12     5      5
       500       20   0.85      7     3      5
       500       20   0.80      6     3      4
       500       20   0.70      1     1      1
       500       30   0.95     13     4      6
       500       30   0.90      9     4      4
       500       30   0.85      4     2      4
       500       30   0.80      4     2      4
       500       50   0.95      6     3      4
       500       50   0.90      5     3      3
       500       50   0.85      2     1      2
       500       50   0.80      2     1      2
     1,000       10   0.95     11     3      6
     1,000       10   0.90      7     3      4
     1,000       10   0.85      4     2      4
     1,000       10   0.80      4     2      4
     1,000       20   0.95     11     3      6
     1,000       20   0.90      7     3      4
     1,000       20   0.85      4     2      4
     1,000       20   0.80      4     2      4
     1,000       30   0.95     11     3      6
     1,000       30   0.90      7     3      4
     1,000       30   0.85      4     2      4
     1,000       30   0.80      4     2      4
     1,000       50   0.95      6     3      4
     1,000       50   0.90      5     3      3
     1,000       50   0.85      2     1      2
     1,000       50   0.80      2     1      2
     1,500       10   0.95      6     3      4
     1,500       10   0.90      5     3      3
     1,500       10   0.85      2     1      2
     1,500       10   0.80      2     1      2
     1,500       20   0.95      6     3      4
     1,500       20   0.90      5     3      3
     1,500       20   0.85      2     1      2
     1,500       20   0.80      2     1      2
     1,500       30   0.95      6     3      4
     1,500       30   0.90      5     3      3
     1,500       30   0.85      2     1      2
     1,500       30   0.80      2     1      2
     1,500       50   0.95      6     3      4
     1,500       50   0.90      5     3      3
     1,500       50   0.85      2     1      2
     1,500       50   0.80      2     1      2
     2,000       10   0.95      3     1      2
     2,000       10   0.90      2     1      1
     2,000       20   0.95      3     1      2
     2,000       20   0.90      2     1      1
     2,000       30   0.95      3     1      2
     2,000       30   0.90      2     1      1
     2,000       50   0.95      3     1      2
     2,000       50   0.90      2     1      1

──────────────────────────────────────────────────────────────────────
  Performance — KIDS (perf6 n=774, perf6+prev n=371)
──────────────────────────────────────────────────────────────────────
[6h 절대값 분포]
  SPEND_6H (원): n=774, mean=9664.17, max=83625.00
    p50=4162.50, p75=10160.25, p90=24746.20, p95=42541.15, p99=75326.20
  PURCH_6H (건): n=774, mean=0.62, max=9.00
    p50=0.00, p75=1.00, p90=2.00, p95=3.00, p99=5.27
  ROAS_6H (배): n=660, mean=7.08, max=100.78
    p50=0.33, p75=7.21, p90=20.85, p95=35.42, p99=76.20
  CTR_6H: n=660, mean=0.05, max=0.33
    p50=0.04, p75=0.05, p90=0.08, p95=0.12, p99=0.20

[추세 비교 분포 (직전 6h 대비)]
  SPEND_PREV_6H (원): n=371, mean=9809.99, max=80650.00
    p50=4584.00, p75=10417.00, p90=26348.00, p95=40593.50, p99=77287.80
  ROAS_6H / ROAS_PREV_6H (배): n=189, mean=14.52, max=414.79
    p50=0.31, p75=2.13, p90=12.16, p95=63.05, p99=358.81

[현행 임계치] roas>=5.0, spend>=5,000, purch>=2
  hit=68 (8.79%), ads=10, hours=17

[후보 임계치 그리드]
    roas    spend  purch   hits   ads  hours
     3.0    5,000      2     83    12     17
     3.0    5,000      3     52     6     15
     3.0    5,000      4     31     6     13
     3.0    5,000      5     15     4      9
     3.0   10,000      2     71     9     17
     3.0   10,000      3     47     5     15
     3.0   10,000      4     26     5     13
     3.0   10,000      5     14     3      9
     3.0   20,000      2     65     6     17
     3.0   20,000      3     45     4     15
     3.0   20,000      4     25     4     13
     3.0   20,000      5     14     3      9
     3.0   30,000      2     36     6     16
     3.0   30,000      3     24     3     14
     3.0   30,000      4     20     3     13
     3.0   30,000      5     13     2      8
     4.0    5,000      2     72    10     17
     4.0    5,000      3     49     6     15
     4.0    5,000      4     30     6     13
     4.0    5,000      5     15     4      9
     4.0   10,000      2     60     7     17
     4.0   10,000      3     44     5     15
     4.0   10,000      4     25     5     13
     4.0   10,000      5     14     3      9
     4.0   20,000      2     54     4     17
     4.0   20,000      3     42     4     15
     4.0   20,000      4     24     4     13
     4.0   20,000      5     14     3      9
     4.0   30,000      2     25     4     15
     4.0   30,000      3     21     3     14
     4.0   30,000      4     19     3     13
     4.0   30,000      5     13     2      8
     5.0    5,000      2     68    10     17
     5.0    5,000      3     45     6     15
     5.0    5,000      4     26     5     10
     5.0    5,000      5     15     4      9
     5.0   10,000      2     56     7     17
     5.0   10,000      3     40     5     15
     5.0   10,000      4     21     4     10
     5.0   10,000      5     14     3      9
     5.0   20,000      2     50     4     17
     5.0   20,000      3     38     4     15
     5.0   20,000      4     20     3     10
     5.0   20,000      5     14     3      9
     5.0   30,000      2     21     4     11
     5.0   30,000      3     17     3     10
     5.0   30,000      4     15     2      9
     5.0   30,000      5     13     2      8
     6.0    5,000      2     59    10     17
     6.0    5,000      3     38     5     12
     6.0    5,000      4     21     5      7
     6.0    5,000      5     11     4      5
     6.0   10,000      2     47     7     17
     6.0   10,000      3     33     4     12
     6.0   10,000      4     16     4      7
     6.0   10,000      5     10     3      5
     6.0   20,000      2     41     4     17
     6.0   20,000      3     31     3     12
     6.0   20,000      4     15     3      7
     6.0   20,000      5     10     3      5
     6.0   30,000      2     14     3      8
     6.0   30,000      3     10     2      4
     6.0   30,000      4     10     2      4
     6.0   30,000      5      9     2      4
     8.0    5,000      2     54    10     17
     8.0    5,000      3     35     5     12
     8.0    5,000      4     18     5      7
     8.0    5,000      5      8     4      4
     8.0   10,000      2     42     7     17
     8.0   10,000      3     30     4     12
     8.0   10,000      4     13     4      7
     8.0   10,000      5      7     3      4
     8.0   20,000      2     36     4     17
     8.0   20,000      3     28     3     12
     8.0   20,000      4     12     3      7
     8.0   20,000      5      7     3      4
     8.0   30,000      2     11     3      7
     8.0   30,000      3      7     2      3
     8.0   30,000      4      7     2      3
     8.0   30,000      5      6     2      3

──────────────────────────────────────────────────────────────────────
  BR 브랜딩 — KIDS (br6 n=88, br6+12h n=37)
──────────────────────────────────────────────────────────────────────
[6h 분포]
  IMP_6H: n=88, mean=1450.15, max=7822.00
    p50=18.50, p75=1057.50, p90=5600.20, p95=5983.85, p99=7506.19
  CLK_6H: n=88, mean=44.30, max=217.00
    p50=0.50, p75=25.00, p90=173.20, p95=182.95, p99=212.65
  CTR_6H: n=68, mean=0.02, max=0.09
    p50=0.02, p75=0.03, p90=0.04, p95=0.04, p99=0.09

[CTR 추세 분포]
  CTR_6H / CTR_12H (배): n=22, mean=0.79, max=1.08
    p50=0.96, p75=1.00, p90=1.01, p95=1.08, p99=1.08

[현행 임계치] imp>=1,000 AND clk>=20 AND ctr_ratio>=1.05 (SURGE) / <=0.85 (DROP)
  진입 통과(br6 기준): 22 / 88 (25.00%)
  SURGE hit: 2, ads=1, hours=2
  DROP  hit: 0, ads=0, hours=0

[후보 임계치 그리드 — SURGE]
   imp_min  clk_min  ratio   hits   ads  hours
       500       10   1.05      2     1      2
       500       20   1.05      2     1      2
       500       30   1.05      2     1      2
       500       50   1.05      2     1      2
     1,000       10   1.05      2     1      2
     1,000       20   1.05      2     1      2
     1,000       30   1.05      2     1      2
     1,000       50   1.05      2     1      2
     1,500       10   1.05      2     1      2
     1,500       20   1.05      2     1      2
     1,500       30   1.05      2     1      2
     1,500       50   1.05      2     1      2
     2,000       10   1.05      2     1      2
     2,000       20   1.05      2     1      2
     2,000       30   1.05      2     1      2
     2,000       50   1.05      2     1      2
     3,000       10   1.05      2     1      2
     3,000       20   1.05      2     1      2
     3,000       30   1.05      2     1      2
     3,000       50   1.05      2     1      2

[후보 임계치 그리드 — DROP]
   imp_min  clk_min  ratio   hits   ads  hours
       500       10   0.95      3     2      2
       500       10   0.90      2     1      2
       500       10   0.85      2     1      2
       500       10   0.80      1     1      1
       500       20   0.95      1     1      1
       500       30   0.95      1     1      1
       500       50   0.95      1     1      1
     1,000       10   0.95      1     1      1
     1,000       20   0.95      1     1      1
     1,000       30   0.95      1     1      1
     1,000       50   0.95      1     1      1
     1,500       10   0.95      1     1      1
     1,500       20   0.95      1     1      1
     1,500       30   0.95      1     1      1
     1,500       50   0.95      1     1      1
     2,000       10   0.95      1     1      1
     2,000       20   0.95      1     1      1
     2,000       30   0.95      1     1      1
     2,000       50   0.95      1     1      1
     3,000       10   0.95      1     1      1
     3,000       20   0.95      1     1      1
     3,000       30   0.95      1     1      1
     3,000       50   0.95      1     1      1
