C:\Users\AC1186\meta_earlywarning_mlb\meta_earlywarning_mlb\tune_thresholds_v2.py:48: UserWarning: pandas only supports SQLAlchemy connectable (engine/connection) or database string URI or sqlite3 DBAPI2 connection. Other DBAPI2 objects are not tested. Please consider using SQLAlchemy.
  return pd.read_sql(sql, conn)
[분석 시각] 2026-05-21 16:07 KST
[Snowflake] FNF.ORG_PF.META_AD_SNAPSHOT
  raw rows=16457, ads=126, snaps=222, span=10.0일
  range: 2026-05-11 06:09:43 ~ 2026-05-21 07:00:54
  rolling 6h samples=10434, 12h samples=10266

──────────────────────────────────────────────────────────────────────
  Performance — ADULT (perf6 n=2878, perf6+prev n=1608)
──────────────────────────────────────────────────────────────────────
[6h 절대값 분포]
  SPEND_6H (원): n=2878, mean=44158.33, max=1215623.00
    p50=12289.00, p75=45253.50, p90=115147.10, p95=189330.55, p99=471834.16
  PURCH_6H (건): n=2878, mean=1.35, max=21.00
    p50=0.00, p75=2.00, p90=4.00, p95=7.00, p99=14.00
  ROAS_6H (배): n=2559, mean=15.71, max=8707.56
    p50=1.15, p75=4.52, p90=11.52, p95=23.25, p99=184.68
  CTR_6H: n=2559, mean=0.03, max=0.25
    p50=0.03, p75=0.05, p90=0.06, p95=0.07, p99=0.12

[추세 비교 분포 (직전 6h 대비)]
  SPEND_PREV_6H (원): n=1608, mean=40030.08, max=701962.00
    p50=10602.50, p75=44252.00, p90=115823.20, p95=180767.65, p99=373105.00
  ROAS_6H / ROAS_PREV_6H (배): n=914, mean=13.68, max=3483.21
    p50=0.59, p75=2.74, p90=13.07, p95=50.53, p99=140.47

[현행 임계치] roas>=4.0, spend>=10,000, purch>=3
  hit=227 (7.89%), ads=14, hours=88

[후보 임계치 그리드]
    roas    spend  purch   hits   ads  hours
     3.0    5,000      2    431    18    102
     3.0    5,000      3    287    15     95
     3.0    5,000      4    202    12     81
     3.0    5,000      5    146     8     74
     3.0   10,000      2    411    18    101
     3.0   10,000      3    278    14     95
     3.0   10,000      4    201    12     81
     3.0   10,000      5    146     8     74
     3.0   20,000      2    343    15     97
     3.0   20,000      3    263    12     95
     3.0   20,000      4    200    11     81
     3.0   20,000      5    146     8     74
     3.0   30,000      2    304    14     97
     3.0   30,000      3    251    12     95
     3.0   30,000      4    194    11     81
     3.0   30,000      5    145     8     73
     4.0    5,000      2    360    18     98
     4.0    5,000      3    236    15     89
     4.0    5,000      4    162    12     75
     4.0    5,000      5    123     8     70
     4.0   10,000      2    340    18     97
     4.0   10,000      3    227    14     88
     4.0   10,000      4    161    12     75
     4.0   10,000      5    123     8     70
     4.0   20,000      2    272    14     90
     4.0   20,000      3    212    12     88
     4.0   20,000      4    160    11     75
     4.0   20,000      5    123     8     70
     4.0   30,000      2    241    14     86
     4.0   30,000      3    200    12     86
     4.0   30,000      4    154    11     74
     4.0   30,000      5    122     8     69
     5.0    5,000      2    272    18     91
     5.0    5,000      3    177    15     78
     5.0    5,000      4    119    11     66
     5.0    5,000      5     92     6     60
     5.0   10,000      2    252    18     90
     5.0   10,000      3    168    14     77
     5.0   10,000      4    118    11     66
     5.0   10,000      5     92     6     60
     5.0   20,000      2    184    13     77
     5.0   20,000      3    153    12     76
     5.0   20,000      4    117    10     66
     5.0   20,000      5     92     6     60
     5.0   30,000      2    160    13     75
     5.0   30,000      3    141    12     74
     5.0   30,000      4    111    10     65
     5.0   30,000      5     91     6     59
     6.0    5,000      2    220    18     84
     6.0    5,000      3    133    15     68
     6.0    5,000      4     88     9     55
     6.0    5,000      5     71     6     51
     6.0   10,000      2    200    18     83
     6.0   10,000      3    124    14     67
     6.0   10,000      4     87     9     55
     6.0   10,000      5     71     6     51
     6.0   20,000      2    137    13     66
     6.0   20,000      3    113    12     66
     6.0   20,000      4     86     8     55
     6.0   20,000      5     71     6     51
     6.0   30,000      2    115    12     64
     6.0   30,000      3    102    11     64
     6.0   30,000      4     80     8     54
     6.0   30,000      5     70     6     50
     8.0    5,000      2    155    18     72
     8.0    5,000      3     85    14     51
     8.0    5,000      4     54     8     36
     8.0    5,000      5     41     4     31
     8.0   10,000      2    135    17     69
     8.0   10,000      3     76    12     48
     8.0   10,000      4     53     7     36
     8.0   10,000      5     41     4     31
     8.0   20,000      2     81    12     47
     8.0   20,000      3     65    10     45
     8.0   20,000      4     52     6     35
     8.0   20,000      5     41     4     31
     8.0   30,000      2     63    11     42
     8.0   30,000      3     56     9     41
     8.0   30,000      4     46     6     33
     8.0   30,000      5     40     4     30

──────────────────────────────────────────────────────────────────────
  BR 브랜딩 — ADULT (br6 n=2280, br6+12h n=1218)
──────────────────────────────────────────────────────────────────────
[6h 분포]
  IMP_6H: n=2280, mean=19285.78, max=470820.00
    p50=548.00, p75=8926.50, p90=64867.40, p95=100092.30, p99=303827.00
  CLK_6H: n=2280, mean=78.68, max=1576.00
    p50=10.00, p75=57.00, p90=198.10, p95=427.00, p99=1171.42
  CTR_6H: n=1425, mean=0.03, max=0.80
    p50=0.02, p75=0.05, p90=0.06, p95=0.06, p99=0.08

[CTR 추세 분포]
  CTR_6H / CTR_12H (배): n=699, mean=0.93, max=4.22
    p50=0.98, p75=1.05, p90=1.18, p95=1.25, p99=2.15

[현행 임계치] imp>=2,000 AND clk>=30 AND ctr_ratio>=1.05 (SURGE) / <=0.85 (DROP)
  진입 통과(br6 기준): 590 / 2280 (25.88%)
  SURGE hit: 54, ads=11, hours=25
  DROP  hit: 19, ads=3, hours=12

[후보 임계치 그리드 — SURGE]
   imp_min  clk_min  ratio   hits   ads  hours
       500       10   1.05    123    19     44
       500       10   1.10     78    15     36
       500       10   1.20     29    10     17
       500       10   1.30      2     1      2
       500       20   1.05    106    19     42
       500       20   1.10     62    15     34
       500       20   1.20     17     9     12
       500       20   1.30      1     1      1
       500       30   1.05     95    19     41
       500       30   1.10     53    14     32
       500       30   1.20     14     8     11
       500       50   1.05     57    14     31
       500       50   1.10     25     9     19
       500       50   1.20      8     4      7
     1,000       10   1.05     95    16     40
     1,000       10   1.10     58    12     30
     1,000       10   1.20     22     7     15
     1,000       10   1.30      2     1      2
     1,000       20   1.05     78    16     34
     1,000       20   1.10     42    12     24
     1,000       20   1.20     10     6      8
     1,000       20   1.30      1     1      1
     1,000       30   1.05     71    16     33
     1,000       30   1.10     35    12     23
     1,000       30   1.20      7     5      7
     1,000       50   1.05     52    14     27
     1,000       50   1.10     20     9     15
     1,000       50   1.20      4     3      4
     1,500       10   1.05     83    13     35
     1,500       10   1.10     46     8     23
     1,500       10   1.20     19     5     12
     1,500       10   1.30      2     1      2
     1,500       20   1.05     66    13     29
     1,500       20   1.10     30     8     17
     1,500       20   1.20      7     4      5
     1,500       20   1.30      1     1      1
     1,500       30   1.05     59    13     27
     1,500       30   1.10     23     8     15
     1,500       30   1.20      4     3      4
     1,500       50   1.05     45    12     23
     1,500       50   1.10     13     6     10
     1,500       50   1.20      1     1      1
     2,000       10   1.05     78    11     33
     2,000       10   1.10     44     7     22
     2,000       10   1.20     19     5     12
     2,000       10   1.30      2     1      2
     2,000       20   1.05     61    11     27
     2,000       20   1.10     28     7     16
     2,000       20   1.20      7     4      5
     2,000       20   1.30      1     1      1
     2,000       30   1.05     54    11     25
     2,000       30   1.10     21     7     14
     2,000       30   1.20      4     3      4
     2,000       50   1.05     40    10     21
     2,000       50   1.10     11     5      9
     2,000       50   1.20      1     1      1
     3,000       10   1.05     73    10     28
     3,000       10   1.10     42     6     20
     3,000       10   1.20     18     4     11
     3,000       10   1.30      2     1      2
     3,000       20   1.05     56    10     22
     3,000       20   1.10     26     6     14
     3,000       20   1.20      6     3      4
     3,000       20   1.30      1     1      1
     3,000       30   1.05     49    10     20
     3,000       30   1.10     19     6     12
     3,000       30   1.20      3     2      3
     3,000       50   1.05     35     9     16
     3,000       50   1.10      9     4      7

[후보 임계치 그리드 — DROP]
   imp_min  clk_min  ratio   hits   ads  hours
       500       10   0.95    179    19     49
       500       10   0.90    109    18     38
       500       10   0.85     70    15     34
       500       10   0.80     44    13     27
       500       10   0.70     14     6     11
       500       20   0.95    160    17     49
       500       20   0.90     94    16     35
       500       20   0.85     58    12     30
       500       20   0.80     37    11     26
       500       20   0.70      9     5      8
       500       30   0.95    123    15     44
       500       30   0.90     60    12     27
       500       30   0.85     32     9     20
       500       30   0.80     16     7     12
       500       30   0.70      3     2      3
       500       50   0.95     80    14     34
       500       50   0.90     38    11     21
       500       50   0.85     18     5     11
       500       50   0.80      9     5      6
       500       50   0.70      1     1      1
     1,000       10   0.95    133    15     42
     1,000       10   0.90     69    13     30
     1,000       10   0.85     41     8     23
     1,000       10   0.80     20     7     13
     1,000       10   0.70      6     2      5
     1,000       20   0.95    120    14     42
     1,000       20   0.90     59    12     26
     1,000       20   0.85     34     6     19
     1,000       20   0.80     18     6     12
     1,000       20   0.70      6     2      5
     1,000       30   0.95    111    14     42
     1,000       30   0.90     51    11     25
     1,000       30   0.85     28     6     18
     1,000       30   0.80     15     6     11
     1,000       30   0.70      3     2      3
     1,000       50   0.95     80    14     34
     1,000       50   0.90     38    11     21
     1,000       50   0.85     18     5     11
     1,000       50   0.80      9     5      6
     1,000       50   0.70      1     1      1
     1,500       10   0.95    117    15     38
     1,500       10   0.90     64    13     28
     1,500       10   0.85     37     7     21
     1,500       10   0.80     16     6     10
     1,500       10   0.70      6     2      5
     1,500       20   0.95    104    14     36
     1,500       20   0.90     54    12     24
     1,500       20   0.85     30     5     17
     1,500       20   0.80     14     5      9
     1,500       20   0.70      6     2      5
     1,500       30   0.95     95    14     36
     1,500       30   0.90     46    11     23
     1,500       30   0.85     24     5     16
     1,500       30   0.80     11     5      8
     1,500       30   0.70      3     2      3
     1,500       50   0.95     80    14     34
     1,500       50   0.90     38    11     21
     1,500       50   0.85     18     5     11
     1,500       50   0.80      9     5      6
     1,500       50   0.70      1     1      1
     2,000       10   0.95    106    11     34
     2,000       10   0.90     58    10     24
     2,000       10   0.85     32     5     17
     2,000       10   0.80     13     4      8
     2,000       10   0.70      5     1      4
     2,000       20   0.95     93    10     32
     2,000       20   0.90     48     9     20
     2,000       20   0.85     25     3     13
     2,000       20   0.80     11     3      7
     2,000       20   0.70      5     1      4
     2,000       30   0.95     84    10     32
     2,000       30   0.90     40     8     19
     2,000       30   0.85     19     3     12
     2,000       30   0.80      8     3      6
     2,000       30   0.70      2     1      2
     2,000       50   0.95     69    10     30
     2,000       50   0.90     32     8     17
     2,000       50   0.85     13     3      7
     2,000       50   0.80      6     3      4
     3,000       10   0.95     98    10     30
     3,000       10   0.90     53     9     21
     3,000       10   0.85     29     5     15
     3,000       10   0.80     10     3      6
     3,000       10   0.70      5     1      4
     3,000       20   0.95     85     9     28
     3,000       20   0.90     43     8     17
     3,000       20   0.85     22     3     11
     3,000       20   0.80      8     2      5
     3,000       20   0.70      5     1      4
     3,000       30   0.95     76     9     28
     3,000       30   0.90     35     7     16
     3,000       30   0.85     16     3     10
     3,000       30   0.80      5     2      4
     3,000       30   0.70      2     1      2
     3,000       50   0.95     61     9     26
     3,000       50   0.90     27     7     14
     3,000       50   0.85     10     3      5
     3,000       50   0.80      3     2      2

──────────────────────────────────────────────────────────────────────
  Performance — KIDS (perf6 n=4607, perf6+prev n=2507)
──────────────────────────────────────────────────────────────────────
[6h 절대값 분포]
  SPEND_6H (원): n=4607, mean=13075.13, max=193186.00
    p50=5150.00, p75=15506.00, p90=30892.60, p95=53216.10, p99=121439.48
  PURCH_6H (건): n=4607, mean=0.58, max=9.00
    p50=0.00, p75=1.00, p90=2.00, p95=3.00, p99=5.00
  ROAS_6H (배): n=4215, mean=145.74, max=127968.00
    p50=0.00, p75=5.22, p90=16.91, p95=32.60, p99=124.93
  CTR_6H: n=4214, mean=0.05, max=0.40
    p50=0.04, p75=0.06, p90=0.10, p95=0.14, p99=0.20

[추세 비교 분포 (직전 6h 대비)]
  SPEND_PREV_6H (원): n=2507, mean=13760.06, max=193186.00
    p50=5112.00, p75=15888.50, p90=33083.80, p95=60313.80, p99=130722.02
  ROAS_6H / ROAS_PREV_6H (배): n=1059, mean=40.80, max=8162.94
    p50=0.31, p75=2.13, p90=9.83, p95=63.76, p99=649.17

[현행 임계치] roas>=5.0, spend>=5,000, purch>=2
  hit=387 (8.40%), ads=20, hours=99

[후보 임계치 그리드]
    roas    spend  purch   hits   ads  hours
     3.0    5,000      2    488    20    100
     3.0    5,000      3    273    15     90
     3.0    5,000      4    148    12     69
     3.0    5,000      5     83     9     45
     3.0   10,000      2    449    18     99
     3.0   10,000      3    259    14     89
     3.0   10,000      4    138    11     69
     3.0   10,000      5     82     8     45
     3.0   20,000      2    336    13     97
     3.0   20,000      3    215    12     86
     3.0   20,000      4    125    10     67
     3.0   20,000      5     77     6     41
     3.0   30,000      2    210    11     83
     3.0   30,000      3    160    10     75
     3.0   30,000      4    108     7     60
     3.0   30,000      5     75     5     39
     4.0    5,000      2    431    20     99
     4.0    5,000      3    232    15     88
     4.0    5,000      4    127    12     67
     4.0    5,000      5     67     9     41
     4.0   10,000      2    392    18     97
     4.0   10,000      3    218    14     86
     4.0   10,000      4    117    11     66
     4.0   10,000      5     66     8     41
     4.0   20,000      2    280    13     94
     4.0   20,000      3    174    12     81
     4.0   20,000      4    104    10     64
     4.0   20,000      5     61     6     37
     4.0   30,000      2    156    11     76
     4.0   30,000      3    119    10     69
     4.0   30,000      4     87     7     57
     4.0   30,000      5     59     5     35
     5.0    5,000      2    387    20     99
     5.0    5,000      3    203    15     84
     5.0    5,000      4    100    11     57
     5.0    5,000      5     52     9     35
     5.0   10,000      2    348    18     97
     5.0   10,000      3    189    14     80
     5.0   10,000      4     90    10     54
     5.0   10,000      5     51     8     35
     5.0   20,000      2    237    13     94
     5.0   20,000      3    145    12     75
     5.0   20,000      4     77     9     52
     5.0   20,000      5     46     6     31
     5.0   30,000      2    119    10     67
     5.0   30,000      3     90    10     54
     5.0   30,000      4     60     6     42
     5.0   30,000      5     44     5     29
     6.0    5,000      2    329    20     97
     6.0    5,000      3    173    14     78
     6.0    5,000      4     79    11     46
     6.0    5,000      5     37     8     26
     6.0   10,000      2    290    18     94
     6.0   10,000      3    159    13     72
     6.0   10,000      4     69    10     42
     6.0   10,000      5     36     7     26
     6.0   20,000      2    181    12     82
     6.0   20,000      3    115    11     63
     6.0   20,000      4     56     9     40
     6.0   20,000      5     31     5     22
     6.0   30,000      2     77     9     48
     6.0   30,000      3     61     9     37
     6.0   30,000      4     39     6     27
     6.0   30,000      5     29     4     20
     8.0    5,000      2    263    20     92
     8.0    5,000      3    144    14     74
     8.0    5,000      4     62    10     39
     8.0    5,000      5     24     8     19
     8.0   10,000      2    224    18     86
     8.0   10,000      3    130    13     68
     8.0   10,000      4     52     9     35
     8.0   10,000      5     23     7     19
     8.0   20,000      2    123    12     70
     8.0   20,000      3     86    11     56
     8.0   20,000      4     39     8     31
     8.0   20,000      5     18     5     14
     8.0   30,000      2     42     9     32
     8.0   30,000      3     36     8     26
     8.0   30,000      4     22     5     16
     8.0   30,000      5     16     4     12

──────────────────────────────────────────────────────────────────────
  BR 브랜딩 — KIDS (br6 n=669, br6+12h n=354)
──────────────────────────────────────────────────────────────────────
[6h 분포]
  IMP_6H: n=669, mean=1595.16, max=8835.00
    p50=951.00, p75=2400.00, p90=4373.40, p95=5415.40, p99=7435.20
  CLK_6H: n=669, mean=57.97, max=375.00
    p50=34.00, p75=91.00, p90=152.40, p95=184.60, p99=295.00
  CTR_6H: n=598, mean=0.03, max=0.10
    p50=0.04, p75=0.04, p90=0.05, p95=0.06, p99=0.08

[CTR 추세 분포]
  CTR_6H / CTR_12H (배): n=281, mean=0.94, max=1.40
    p50=0.99, p75=1.04, p90=1.12, p95=1.16, p99=1.21

[현행 임계치] imp>=1,000 AND clk>=20 AND ctr_ratio>=1.05 (SURGE) / <=0.85 (DROP)
  진입 통과(br6 기준): 321 / 669 (47.98%)
  SURGE hit: 44, ads=6, hours=26
  DROP  hit: 9, ads=2, hours=7

[후보 임계치 그리드 — SURGE]
   imp_min  clk_min  ratio   hits   ads  hours
       500       10   1.05     58     6     31
       500       10   1.10     34     6     22
       500       10   1.20      5     4      5
       500       20   1.05     58     6     31
       500       20   1.10     34     6     22
       500       20   1.20      5     4      5
       500       30   1.05     46     6     26
       500       30   1.10     25     6     16
       500       30   1.20      3     3      3
       500       50   1.05     37     4     23
       500       50   1.10     20     4     13
       500       50   1.20      2     2      2
     1,000       10   1.05     44     6     26
     1,000       10   1.10     25     5     15
     1,000       10   1.20      3     3      3
     1,000       20   1.05     44     6     26
     1,000       20   1.10     25     5     15
     1,000       20   1.20      3     3      3
     1,000       30   1.05     40     6     24
     1,000       30   1.10     21     5     13
     1,000       30   1.20      2     2      2
     1,000       50   1.05     35     3     22
     1,000       50   1.10     18     3     11
     1,000       50   1.20      2     2      2
     1,500       10   1.05     31     4     22
     1,500       10   1.10     15     4     12
     1,500       10   1.20      1     1      1
     1,500       20   1.05     31     4     22
     1,500       20   1.10     15     4     12
     1,500       20   1.20      1     1      1
     1,500       30   1.05     31     4     22
     1,500       30   1.10     15     4     12
     1,500       30   1.20      1     1      1
     1,500       50   1.05     30     3     21
     1,500       50   1.10     14     3     11
     1,500       50   1.20      1     1      1
     2,000       10   1.05     23     3     18
     2,000       10   1.10     10     1      8
     2,000       10   1.20      1     1      1
     2,000       20   1.05     23     3     18
     2,000       20   1.10     10     1      8
     2,000       20   1.20      1     1      1
     2,000       30   1.05     23     3     18
     2,000       30   1.10     10     1      8
     2,000       30   1.20      1     1      1
     2,000       50   1.05     23     3     18
     2,000       50   1.10     10     1      8
     2,000       50   1.20      1     1      1
     3,000       10   1.05     15     3     12
     3,000       10   1.10      7     1      5
     3,000       20   1.05     15     3     12
     3,000       20   1.10      7     1      5
     3,000       30   1.05     15     3     12
     3,000       30   1.10      7     1      5
     3,000       50   1.05     15     3     12
     3,000       50   1.10      7     1      5

[후보 임계치 그리드 — DROP]
   imp_min  clk_min  ratio   hits   ads  hours
       500       10   0.95     76     6     37
       500       10   0.90     39     5     24
       500       10   0.85     22     4     17
       500       10   0.80     15     4     10
       500       20   0.95     72     6     36
       500       20   0.90     35     5     21
       500       20   0.85     19     3     15
       500       20   0.80     13     3      9
       500       30   0.95     48     6     30
       500       30   0.90     24     5     18
       500       30   0.85     12     3     10
       500       30   0.80      7     2      5
       500       50   0.95     24     5     20
       500       50   0.90      9     3      8
       500       50   0.85      4     2      4
       500       50   0.80      1     1      1
     1,000       10   0.95     43     6     29
     1,000       10   0.90     20     4     15
     1,000       10   0.85      9     2      7
     1,000       10   0.80      5     2      3
     1,000       20   0.95     43     6     29
     1,000       20   0.90     20     4     15
     1,000       20   0.85      9     2      7
     1,000       20   0.80      5     2      3
     1,000       30   0.95     40     6     28
     1,000       30   0.90     19     4     15
     1,000       30   0.85      8     2      7
     1,000       30   0.80      4     1      3
     1,000       50   0.95     24     5     20
     1,000       50   0.90      9     3      8
     1,000       50   0.85      4     2      4
     1,000       50   0.80      1     1      1
     1,500       10   0.95     26     5     20
     1,500       10   0.90     13     4      9
     1,500       10   0.85      5     2      4
     1,500       10   0.80      2     1      1
     1,500       20   0.95     26     5     20
     1,500       20   0.90     13     4      9
     1,500       20   0.85      5     2      4
     1,500       20   0.80      2     1      1
     1,500       30   0.95     26     5     20
     1,500       30   0.90     13     4      9
     1,500       30   0.85      5     2      4
     1,500       30   0.80      2     1      1
     1,500       50   0.95     20     4     17
     1,500       50   0.90      7     3      6
     1,500       50   0.85      3     2      3
     2,000       10   0.95     25     5     20
     2,000       10   0.90     12     4      9
     2,000       10   0.85      5     2      4
     2,000       10   0.80      2     1      1
     2,000       20   0.95     25     5     20
     2,000       20   0.90     12     4      9
     2,000       20   0.85      5     2      4
     2,000       20   0.80      2     1      1
     2,000       30   0.95     25     5     20
     2,000       30   0.90     12     4      9
     2,000       30   0.85      5     2      4
     2,000       30   0.80      2     1      1
     2,000       50   0.95     20     4     17
     2,000       50   0.90      7     3      6
     2,000       50   0.85      3     2      3
     3,000       10   0.95      7     2      6
     3,000       20   0.95      7     2      6
     3,000       30   0.95      7     2      6
     3,000       50   0.95      7     2      6
